===FILE_START
:::FILE_INFO_START
   file_name       	example_4.atst.txt
   format          	ATST
   format_version  	0.1
   created_on      	2026-01-01
   field_delimiter 	TAB
   encoding        	UTF-8
:::FILE_INFO_END

:::STUDY_START
   title       	Example 4 simulated LogPhase600 plate
   study_id    	ATST_EXAMPLE_4
   description 	A complete in-file simulated 96-well OD600 assay.
:::STUDY_END

:::METADATA_START
   instrument      	LogPhase600
   plate_type      	Corning 96 well for LogPhase600
   date_start      	
   operator        	simulated
   experiment_type 	logphase_output
:::METADATA_END

:::ASSAY_START
   readout_type         	absorbance
   readout_unit         	od600
   time_unit            	seconds
   plate_format         	96_well
   read_wavelenth       	600nm
   filename             	simulated_logphase_output
   plate_num            	1
   device_plate_number  	1
   runtime              	12h
   interval             	40min
   read_count           	19
   incubator            	On
   temperature_setpoint 	37 C
   shaking              	On
   shaking_frequency    	100 RPMs
:::ASSAY_END

:::ENTITIES_START
%%%TABLE_START name=PHAGES pk=PHAGE_ID
PHAGE_ID
ph_1
ph_2
ph_3
ph_4
ph_5
ph_6
ph_7
ph_8
ph_9
ph_10
ph_11
ph_12
ph_13
ph_14
ph_15
%%%TABLE_END

%%%TABLE_START name=ISOLATES pk=ISOLATE_ID
ISOLATE_ID
isolate_1
%%%TABLE_END
:::ENTITIES_END

:::LAYOUT_START
well_loc 	type            	isolate_id 	phage_id 	moi 	replicate
A1       	treated         	isolate_1  	ph_1     	0.1 	1
A2       	treated         	isolate_1  	ph_1     	0.1 	2
A3       	treated         	isolate_1  	ph_1     	0.1 	3
A4       	treated         	isolate_1  	ph_1     	0.1 	4
A5       	treated         	isolate_1  	ph_1     	0.1 	5
A6       	treated         	isolate_1  	ph_1     	0.1 	6
A7       	treated         	isolate_1  	ph_2     	0.1 	1
A8       	treated         	isolate_1  	ph_2     	0.1 	2
A9       	treated         	isolate_1  	ph_2     	0.1 	3
A10      	treated         	isolate_1  	ph_2     	0.1 	4
A11      	treated         	isolate_1  	ph_2     	0.1 	5
A12      	treated         	isolate_1  	ph_2     	0.1 	6
B1       	treated         	isolate_1  	ph_3     	0.1 	1
B2       	treated         	isolate_1  	ph_3     	0.1 	2
B3       	treated         	isolate_1  	ph_3     	0.1 	3
B4       	treated         	isolate_1  	ph_3     	0.1 	4
B5       	treated         	isolate_1  	ph_3     	0.1 	5
B6       	treated         	isolate_1  	ph_3     	0.1 	6
B7       	treated         	isolate_1  	ph_4     	0.1 	1
B8       	treated         	isolate_1  	ph_4     	0.1 	2
B9       	treated         	isolate_1  	ph_4     	0.1 	3
B10      	treated         	isolate_1  	ph_4     	0.1 	4
B11      	treated         	isolate_1  	ph_4     	0.1 	5
B12      	treated         	isolate_1  	ph_4     	0.1 	6
C1       	treated         	isolate_1  	ph_5     	0.1 	1
C2       	treated         	isolate_1  	ph_5     	0.1 	2
C3       	treated         	isolate_1  	ph_5     	0.1 	3
C4       	treated         	isolate_1  	ph_5     	0.1 	4
C5       	treated         	isolate_1  	ph_5     	0.1 	5
C6       	treated         	isolate_1  	ph_5     	0.1 	6
C7       	treated         	isolate_1  	ph_6     	0.1 	1
C8       	treated         	isolate_1  	ph_6     	0.1 	2
C9       	treated         	isolate_1  	ph_6     	0.1 	3
C10      	treated         	isolate_1  	ph_6     	0.1 	4
C11      	treated         	isolate_1  	ph_6     	0.1 	5
C12      	treated         	isolate_1  	ph_6     	0.1 	6
D1       	treated         	isolate_1  	ph_7     	0.1 	1
D2       	treated         	isolate_1  	ph_7     	0.1 	2
D3       	treated         	isolate_1  	ph_7     	0.1 	3
D4       	treated         	isolate_1  	ph_7     	0.1 	4
D5       	treated         	isolate_1  	ph_7     	0.1 	5
D6       	treated         	isolate_1  	ph_7     	0.1 	6
D7       	treated         	isolate_1  	ph_8     	0.1 	1
D8       	treated         	isolate_1  	ph_8     	0.1 	2
D9       	treated         	isolate_1  	ph_8     	0.1 	3
D10      	treated         	isolate_1  	ph_8     	0.1 	4
D11      	treated         	isolate_1  	ph_8     	0.1 	5
D12      	treated         	isolate_1  	ph_8     	0.1 	6
E1       	treated         	isolate_1  	ph_9     	0.1 	1
E2       	treated         	isolate_1  	ph_9     	0.1 	2
E3       	treated         	isolate_1  	ph_9     	0.1 	3
E4       	treated         	isolate_1  	ph_9     	0.1 	4
E5       	treated         	isolate_1  	ph_9     	0.1 	5
E6       	treated         	isolate_1  	ph_9     	0.1 	6
E7       	treated         	isolate_1  	ph_10    	0.1 	1
E8       	treated         	isolate_1  	ph_10    	0.1 	2
E9       	treated         	isolate_1  	ph_10    	0.1 	3
E10      	treated         	isolate_1  	ph_10    	0.1 	4
E11      	treated         	isolate_1  	ph_10    	0.1 	5
E12      	treated         	isolate_1  	ph_10    	0.1 	6
F1       	treated         	isolate_1  	ph_11    	0.1 	1
F2       	treated         	isolate_1  	ph_11    	0.1 	2
F3       	treated         	isolate_1  	ph_11    	0.1 	3
F4       	treated         	isolate_1  	ph_11    	0.1 	4
F5       	treated         	isolate_1  	ph_11    	0.1 	5
F6       	treated         	isolate_1  	ph_11    	0.1 	6
F7       	treated         	isolate_1  	ph_12    	0.1 	1
F8       	treated         	isolate_1  	ph_12    	0.1 	2
F9       	treated         	isolate_1  	ph_12    	0.1 	3
F10      	treated         	isolate_1  	ph_12    	0.1 	4
F11      	treated         	isolate_1  	ph_12    	0.1 	5
F12      	treated         	isolate_1  	ph_12    	0.1 	6
G1       	treated         	isolate_1  	ph_13    	0.1 	1
G2       	treated         	isolate_1  	ph_13    	0.1 	2
G3       	treated         	isolate_1  	ph_13    	0.1 	3
G4       	treated         	isolate_1  	ph_13    	0.1 	4
G5       	treated         	isolate_1  	ph_13    	0.1 	5
G6       	treated         	isolate_1  	ph_13    	0.1 	6
G7       	treated         	isolate_1  	ph_14    	0.1 	1
G8       	treated         	isolate_1  	ph_14    	0.1 	2
G9       	treated         	isolate_1  	ph_14    	0.1 	3
G10      	treated         	isolate_1  	ph_14    	0.1 	4
G11      	treated         	isolate_1  	ph_14    	0.1 	5
G12      	treated         	isolate_1  	ph_14    	0.1 	6
H1       	treated         	isolate_1  	ph_15    	0.1 	1
H2       	treated         	isolate_1  	ph_15    	0.1 	2
H3       	treated         	isolate_1  	ph_15    	0.1 	3
H4       	treated         	isolate_1  	ph_15    	0.1 	4
H5       	treated         	isolate_1  	ph_15    	0.1 	5
H6       	treated         	isolate_1  	ph_15    	0.1 	6
H7       	isolate_control 	isolate_1  	         	    	1
H8       	isolate_control 	isolate_1  	         	    	2
H9       	isolate_control 	isolate_1  	         	    	3
H10      	blank           	           	         	    	1
H11      	blank           	           	         	    	2
H12      	blank           	           	         	    	3
:::LAYOUT_END

:::READINGS_START
Time  	A1    	A2    	A3    	A4    	A5    	A6    	A7    	A8    	A9    	A10   	A11   	A12   	B1    	B2    	B3    	B4    	B5    	B6    	B7    	B8    	B9    	B10   	B11   	B12   	C1    	C2    	C3    	C4    	C5    	C6    	C7    	C8    	C9    	C10   	C11   	C12   	D1    	D2    	D3    	D4    	D5    	D6    	D7    	D8    	D9    	D10   	D11   	D12   	E1    	E2    	E3    	E4    	E5    	E6    	E7    	E8    	E9    	E10   	E11   	E12   	F1    	F2    	F3    	F4    	F5    	F6    	F7    	F8    	F9    	F10   	F11   	F12   	G1    	G2    	G3    	G4    	G5    	G6    	G7    	G8    	G9    	G10   	G11   	G12   	H1    	H2    	H3    	H4    	H5    	H6    	H7    	H8    	H9    	H10   	H11   	H12
0     	0.168 	0.196 	0.171 	0.140 	0.188 	0.163 	0.177 	0.170 	0.151 	0.137 	0.138 	0.154 	0.166 	0.161 	0.154 	0.175 	0.192 	0.191 	0.185 	0.161 	0.177 	0.150 	0.191 	0.153 	0.175 	0.168 	0.181 	0.203 	0.185 	0.186 	0.166 	0.172 	0.164 	0.169 	0.160 	0.159 	0.164 	0.166 	0.139 	0.152 	0.154 	0.205 	0.154 	0.176 	0.193 	0.171 	0.173 	0.167 	0.174 	0.157 	0.182 	0.138 	0.206 	0.147 	0.150 	0.194 	0.166 	0.155 	0.181 	0.158 	0.167 	0.160 	0.147 	0.187 	0.201 	0.178 	0.171 	0.157 	0.158 	0.165 	0.194 	0.161 	0.172 	0.167 	0.157 	0.168 	0.160 	0.173 	0.196 	0.172 	0.182 	0.158 	0.158 	0.199 	0.194 	0.209 	0.186 	0.186 	0.169 	0.168 	0.170 	0.165 	0.154 	0.107 	0.110 	0.098
2400  	0.179 	0.181 	0.171 	0.190 	0.188 	0.168 	0.173 	0.175 	0.183 	0.186 	0.194 	0.183 	0.166 	0.167 	0.166 	0.184 	0.169 	0.180 	0.169 	0.171 	0.188 	0.179 	0.174 	0.157 	0.172 	0.152 	0.167 	0.179 	0.207 	0.173 	0.173 	0.162 	0.190 	0.192 	0.176 	0.198 	0.186 	0.202 	0.192 	0.170 	0.194 	0.170 	0.198 	0.201 	0.198 	0.266 	0.159 	0.170 	0.177 	0.167 	0.166 	0.159 	0.197 	0.173 	0.150 	0.187 	0.163 	0.149 	0.177 	0.157 	0.173 	0.154 	0.174 	0.171 	0.191 	0.176 	0.169 	0.154 	0.180 	0.163 	0.186 	0.133 	0.177 	0.200 	0.198 	0.180 	0.164 	0.180 	0.175 	0.165 	0.188 	0.166 	0.185 	0.204 	0.177 	0.176 	0.173 	0.209 	0.170 	0.141 	0.177 	0.158 	0.165 	0.101 	0.087 	0.111
4800  	0.217 	0.235 	0.233 	0.209 	0.211 	0.211 	0.215 	0.226 	0.233 	0.230 	0.222 	0.240 	0.170 	0.162 	0.172 	0.167 	0.175 	0.185 	0.236 	0.195 	0.204 	0.164 	0.200 	0.216 	0.176 	0.173 	0.179 	0.185 	0.181 	0.163 	0.225 	0.237 	0.224 	0.217 	0.196 	0.223 	0.188 	0.199 	0.189 	0.198 	0.220 	0.203 	0.323 	0.327 	0.266 	0.341 	0.257 	0.288 	0.172 	0.180 	0.176 	0.142 	0.186 	0.178 	0.142 	0.164 	0.183 	0.145 	0.196 	0.176 	0.181 	0.159 	0.178 	0.175 	0.194 	0.167 	0.162 	0.161 	0.172 	0.155 	0.175 	0.143 	0.233 	0.238 	0.214 	0.225 	0.210 	0.192 	0.197 	0.196 	0.208 	0.181 	0.188 	0.202 	0.198 	0.196 	0.184 	0.193 	0.171 	0.151 	0.210 	0.203 	0.219 	0.099 	0.103 	0.102
7200  	0.282 	0.271 	0.267 	0.281 	0.275 	0.270 	0.287 	0.274 	0.273 	0.289 	0.285 	0.307 	0.166 	0.170 	0.166 	0.176 	0.190 	0.183 	0.286 	0.288 	0.279 	0.285 	0.289 	0.284 	0.180 	0.159 	0.165 	0.182 	0.187 	0.152 	0.268 	0.286 	0.248 	0.285 	0.300 	0.296 	0.233 	0.246 	0.233 	0.245 	0.238 	0.240 	0.456 	0.446 	0.439 	0.500 	0.529 	0.442 	0.180 	0.154 	0.185 	0.146 	0.191 	0.187 	0.171 	0.168 	0.179 	0.136 	0.181 	0.163 	0.162 	0.158 	0.178 	0.168 	0.162 	0.169 	0.172 	0.155 	0.168 	0.160 	0.183 	0.157 	0.259 	0.277 	0.276 	0.250 	0.264 	0.240 	0.212 	0.220 	0.213 	0.183 	0.193 	0.187 	0.171 	0.179 	0.191 	0.202 	0.161 	0.166 	0.279 	0.281 	0.265 	0.086 	0.099 	0.096
9600  	0.340 	0.352 	0.310 	0.371 	0.369 	0.346 	0.349 	0.349 	0.352 	0.339 	0.378 	0.346 	0.195 	0.197 	0.192 	0.201 	0.200 	0.217 	0.353 	0.361 	0.374 	0.371 	0.392 	0.398 	0.207 	0.169 	0.185 	0.202 	0.207 	0.209 	0.361 	0.357 	0.345 	0.335 	0.341 	0.343 	0.260 	0.275 	0.279 	0.271 	0.265 	0.275 	0.585 	0.549 	0.595 	0.534 	0.569 	0.535 	0.170 	0.166 	0.170 	0.146 	0.188 	0.175 	0.163 	0.180 	0.172 	0.150 	0.198 	0.161 	0.173 	0.163 	0.160 	0.187 	0.178 	0.179 	0.174 	0.175 	0.163 	0.164 	0.158 	0.147 	0.294 	0.305 	0.294 	0.294 	0.308 	0.310 	0.238 	0.224 	0.229 	0.205 	0.206 	0.235 	0.179 	0.200 	0.189 	0.188 	0.175 	0.153 	0.349 	0.357 	0.344 	0.092 	0.108 	0.101
12000 	0.437 	0.490 	0.470 	0.464 	0.459 	0.471 	0.455 	0.459 	0.460 	0.475 	0.451 	0.448 	0.224 	0.225 	0.253 	0.236 	0.228 	0.229 	0.460 	0.483 	0.482 	0.455 	0.480 	0.483 	0.230 	0.231 	0.209 	0.228 	0.245 	0.225 	0.458 	0.463 	0.460 	0.450 	0.479 	0.458 	0.337 	0.340 	0.359 	0.327 	0.334 	0.355 	0.588 	0.562 	0.591 	0.556 	0.567 	0.581 	0.165 	0.166 	0.177 	0.147 	0.196 	0.182 	0.160 	0.172 	0.177 	0.149 	0.181 	0.156 	0.172 	0.150 	0.180 	0.170 	0.173 	0.160 	0.158 	0.161 	0.152 	0.161 	0.173 	0.151 	0.351 	0.339 	0.329 	0.352 	0.368 	0.347 	0.242 	0.242 	0.245 	0.217 	0.224 	0.230 	0.181 	0.195 	0.177 	0.195 	0.186 	0.152 	0.458 	0.459 	0.467 	0.092 	0.086 	0.101
14400 	0.580 	0.564 	0.598 	0.607 	0.600 	0.618 	0.588 	0.588 	0.580 	0.581 	0.586 	0.587 	0.316 	0.304 	0.324 	0.312 	0.326 	0.340 	0.567 	0.610 	0.589 	0.572 	0.556 	0.573 	0.319 	0.303 	0.318 	0.328 	0.353 	0.311 	0.554 	0.515 	0.538 	0.566 	0.592 	0.562 	0.424 	0.389 	0.403 	0.417 	0.421 	0.400 	0.545 	0.547 	0.515 	0.524 	0.548 	0.542 	0.176 	0.171 	0.179 	0.148 	0.192 	0.184 	0.162 	0.181 	0.158 	0.138 	0.184 	0.159 	0.171 	0.161 	0.172 	0.188 	0.185 	0.159 	0.163 	0.155 	0.178 	0.155 	0.182 	0.160 	0.397 	0.393 	0.399 	0.412 	0.412 	0.401 	0.253 	0.226 	0.242 	0.216 	0.246 	0.246 	0.191 	0.207 	0.184 	0.187 	0.164 	0.152 	0.573 	0.553 	0.587 	0.106 	0.085 	0.101
16800 	0.710 	0.721 	0.739 	0.727 	0.722 	0.737 	0.678 	0.687 	0.699 	0.687 	0.691 	0.704 	0.427 	0.440 	0.425 	0.434 	0.428 	0.439 	0.665 	0.678 	0.668 	0.689 	0.675 	0.658 	0.406 	0.445 	0.414 	0.442 	0.418 	0.434 	0.659 	0.642 	0.664 	0.685 	0.670 	0.651 	0.477 	0.488 	0.452 	0.460 	0.454 	0.514 	0.496 	0.501 	0.499 	0.494 	0.497 	0.487 	0.176 	0.176 	0.165 	0.139 	0.185 	0.182 	0.162 	0.172 	0.168 	0.154 	0.183 	0.156 	0.165 	0.148 	0.178 	0.187 	0.190 	0.166 	0.146 	0.172 	0.169 	0.168 	0.180 	0.152 	0.438 	0.447 	0.431 	0.456 	0.426 	0.424 	0.203 	0.224 	0.233 	0.203 	0.224 	0.255 	0.181 	0.194 	0.178 	0.198 	0.161 	0.156 	0.685 	0.688 	0.698 	0.109 	0.108 	0.102
19200 	0.828 	0.838 	0.834 	0.860 	0.830 	0.863 	0.782 	0.798 	0.767 	0.780 	0.772 	0.770 	0.553 	0.544 	0.558 	0.538 	0.532 	0.559 	0.701 	0.741 	0.746 	0.721 	0.720 	0.685 	0.555 	0.551 	0.557 	0.564 	0.528 	0.556 	0.745 	0.752 	0.756 	0.741 	0.781 	0.750 	0.523 	0.539 	0.531 	0.555 	0.534 	0.558 	0.414 	0.417 	0.437 	0.417 	0.428 	0.399 	0.171 	0.170 	0.182 	0.154 	0.201 	0.186 	0.151 	0.191 	0.182 	0.160 	0.186 	0.170 	0.171 	0.165 	0.181 	0.182 	0.192 	0.186 	0.169 	0.172 	0.156 	0.165 	0.173 	0.141 	0.461 	0.452 	0.447 	0.466 	0.458 	0.462 	0.219 	0.204 	0.217 	0.207 	0.209 	0.206 	0.204 	0.185 	0.201 	0.203 	0.161 	0.166 	0.774 	0.768 	0.788 	0.107 	0.096 	0.090
21600 	0.952 	0.917 	0.970 	0.929 	0.943 	0.943 	0.836 	0.834 	0.861 	0.846 	0.833 	0.841 	0.668 	0.682 	0.699 	0.688 	0.697 	0.715 	0.765 	0.764 	0.753 	0.761 	0.749 	0.773 	0.661 	0.655 	0.653 	0.686 	0.669 	0.644 	0.814 	0.812 	0.811 	0.834 	0.823 	0.798 	0.587 	0.572 	0.578 	0.567 	0.584 	0.584 	0.323 	0.310 	0.317 	0.321 	0.305 	0.308 	0.199 	0.203 	0.194 	0.191 	0.223 	0.184 	0.156 	0.176 	0.162 	0.141 	0.180 	0.155 	0.184 	0.171 	0.205 	0.205 	0.198 	0.190 	0.176 	0.153 	0.172 	0.167 	0.178 	0.163 	0.459 	0.481 	0.469 	0.486 	0.488 	0.498 	0.212 	0.205 	0.197 	0.188 	0.214 	0.214 	0.194 	0.184 	0.193 	0.190 	0.169 	0.164 	0.855 	0.840 	0.838 	0.112 	0.099 	0.101
24000 	1.034 	1.028 	1.019 	0.994 	1.014 	1.026 	0.877 	0.908 	0.901 	0.894 	0.887 	0.882 	0.823 	0.795 	0.795 	0.778 	0.774 	0.788 	0.788 	0.780 	0.789 	0.810 	0.779 	0.748 	0.737 	0.742 	0.742 	0.705 	0.744 	0.748 	0.840 	0.851 	0.855 	0.819 	0.849 	0.847 	0.585 	0.600 	0.576 	0.602 	0.596 	0.612 	0.249 	0.241 	0.246 	0.238 	0.240 	0.257 	0.250 	0.262 	0.266 	0.239 	0.265 	0.254 	0.154 	0.200 	0.159 	0.140 	0.185 	0.140 	0.222 	0.222 	0.250 	0.239 	0.238 	0.235 	0.161 	0.165 	0.177 	0.170 	0.182 	0.159 	0.479 	0.502 	0.496 	0.486 	0.485 	0.501 	0.205 	0.203 	0.216 	0.173 	0.210 	0.230 	0.182 	0.187 	0.179 	0.189 	0.163 	0.155 	0.896 	0.902 	0.896 	0.101 	0.093 	0.082
26400 	1.104 	1.119 	1.070 	1.082 	1.089 	1.048 	0.926 	0.912 	0.925 	0.920 	0.937 	0.912 	0.874 	0.862 	0.894 	0.878 	0.873 	0.886 	0.779 	0.773 	0.800 	0.794 	0.802 	0.802 	0.768 	0.805 	0.794 	0.774 	0.759 	0.789 	0.849 	0.880 	0.886 	0.876 	0.875 	0.888 	0.586 	0.569 	0.578 	0.595 	0.580 	0.597 	0.243 	0.234 	0.242 	0.218 	0.227 	0.239 	0.336 	0.372 	0.355 	0.348 	0.377 	0.363 	0.184 	0.182 	0.170 	0.140 	0.199 	0.163 	0.281 	0.271 	0.287 	0.297 	0.300 	0.285 	0.165 	0.171 	0.170 	0.161 	0.178 	0.151 	0.487 	0.501 	0.462 	0.487 	0.492 	0.488 	0.184 	0.210 	0.216 	0.202 	0.200 	0.214 	0.199 	0.184 	0.173 	0.198 	0.151 	0.166 	0.927 	0.913 	0.928 	0.090 	0.109 	0.106
28800 	1.115 	1.108 	1.119 	1.080 	1.099 	1.146 	0.955 	0.919 	0.964 	0.937 	0.958 	0.925 	0.941 	0.911 	0.901 	0.926 	0.925 	0.935 	0.797 	0.794 	0.796 	0.780 	0.788 	0.812 	0.824 	0.807 	0.785 	0.802 	0.833 	0.807 	0.863 	0.892 	0.897 	0.899 	0.901 	0.863 	0.541 	0.540 	0.518 	0.510 	0.526 	0.539 	0.194 	0.212 	0.203 	0.193 	0.217 	0.218 	0.515 	0.512 	0.514 	0.472 	0.505 	0.510 	0.179 	0.172 	0.180 	0.141 	0.204 	0.169 	0.348 	0.352 	0.358 	0.358 	0.366 	0.342 	0.161 	0.168 	0.173 	0.161 	0.187 	0.161 	0.509 	0.503 	0.498 	0.506 	0.485 	0.506 	0.206 	0.223 	0.210 	0.197 	0.224 	0.214 	0.185 	0.203 	0.187 	0.186 	0.153 	0.158 	0.948 	0.933 	0.937 	0.100 	0.103 	0.089
31200 	1.160 	1.143 	1.131 	1.164 	1.161 	1.159 	0.974 	0.938 	0.950 	0.949 	0.937 	0.943 	0.956 	0.945 	0.919 	0.945 	0.917 	0.950 	0.808 	0.804 	0.818 	0.794 	0.809 	0.806 	0.806 	0.812 	0.816 	0.815 	0.805 	0.825 	0.855 	0.872 	0.879 	0.894 	0.890 	0.859 	0.499 	0.473 	0.480 	0.483 	0.469 	0.487 	0.194 	0.219 	0.194 	0.201 	0.216 	0.217 	0.662 	0.667 	0.655 	0.661 	0.686 	0.665 	0.190 	0.226 	0.205 	0.198 	0.223 	0.187 	0.396 	0.395 	0.423 	0.403 	0.410 	0.382 	0.159 	0.169 	0.172 	0.178 	0.182 	0.155 	0.493 	0.509 	0.488 	0.518 	0.480 	0.509 	0.200 	0.201 	0.224 	0.178 	0.194 	0.242 	0.183 	0.202 	0.179 	0.179 	0.178 	0.163 	0.952 	0.955 	0.955 	0.093 	0.102 	0.112
33600 	1.171 	1.190 	1.187 	1.186 	1.180 	1.172 	0.984 	0.966 	0.975 	0.972 	0.967 	0.973 	0.962 	0.967 	0.988 	0.979 	0.947 	0.954 	0.814 	0.814 	0.819 	0.810 	0.828 	0.790 	0.806 	0.842 	0.832 	0.815 	0.840 	0.810 	0.882 	0.851 	0.856 	0.876 	0.847 	0.880 	0.402 	0.390 	0.391 	0.383 	0.398 	0.412 	0.195 	0.208 	0.208 	0.186 	0.187 	0.230 	0.809 	0.801 	0.809 	0.786 	0.796 	0.818 	0.263 	0.275 	0.245 	0.235 	0.256 	0.261 	0.440 	0.425 	0.433 	0.443 	0.441 	0.429 	0.176 	0.194 	0.174 	0.163 	0.193 	0.177 	0.500 	0.469 	0.503 	0.515 	0.506 	0.496 	0.225 	0.186 	0.206 	0.188 	0.209 	0.226 	0.198 	0.174 	0.180 	0.198 	0.181 	0.144 	0.950 	0.969 	0.948 	0.107 	0.088 	0.076
36000 	1.203 	1.173 	1.189 	1.196 	1.169 	1.200 	0.971 	0.941 	0.986 	0.986 	0.953 	0.961 	0.977 	0.961 	0.973 	0.955 	0.974 	0.937 	0.801 	0.805 	0.825 	0.835 	0.818 	0.815 	0.816 	0.812 	0.808 	0.812 	0.832 	0.805 	0.851 	0.882 	0.842 	0.864 	0.852 	0.844 	0.320 	0.317 	0.337 	0.300 	0.336 	0.319 	0.208 	0.243 	0.212 	0.201 	0.212 	0.213 	0.858 	0.873 	0.890 	0.886 	0.899 	0.874 	0.365 	0.367 	0.333 	0.331 	0.356 	0.325 	0.456 	0.456 	0.446 	0.443 	0.467 	0.455 	0.185 	0.223 	0.203 	0.174 	0.225 	0.185 	0.508 	0.508 	0.499 	0.503 	0.493 	0.501 	0.211 	0.204 	0.196 	0.184 	0.194 	0.231 	0.164 	0.190 	0.173 	0.193 	0.184 	0.172 	0.982 	0.960 	0.958 	0.096 	0.105 	0.117
38400 	1.200 	1.171 	1.190 	1.195 	1.174 	1.210 	0.971 	0.969 	0.983 	0.991 	0.948 	0.991 	1.004 	0.996 	0.967 	0.984 	0.975 	0.960 	0.820 	0.807 	0.803 	0.815 	0.830 	0.821 	0.800 	0.809 	0.833 	0.818 	0.824 	0.826 	0.830 	0.835 	0.831 	0.834 	0.820 	0.822 	0.258 	0.242 	0.243 	0.240 	0.252 	0.269 	0.189 	0.202 	0.200 	0.224 	0.214 	0.193 	0.918 	0.911 	0.934 	0.943 	0.913 	0.947 	0.478 	0.507 	0.507 	0.473 	0.508 	0.509 	0.440 	0.437 	0.459 	0.459 	0.467 	0.470 	0.232 	0.238 	0.247 	0.237 	0.254 	0.240 	0.502 	0.513 	0.511 	0.517 	0.519 	0.513 	0.200 	0.209 	0.207 	0.199 	0.207 	0.227 	0.196 	0.190 	0.174 	0.193 	0.170 	0.157 	0.976 	0.981 	0.970 	0.099 	0.090 	0.084
40800 	1.197 	1.204 	1.203 	1.207 	1.223 	1.179 	0.968 	0.965 	0.987 	0.971 	0.976 	0.971 	0.954 	0.992 	0.973 	0.953 	0.948 	0.980 	0.832 	0.807 	0.826 	0.798 	0.835 	0.828 	0.807 	0.809 	0.825 	0.816 	0.791 	0.825 	0.821 	0.814 	0.838 	0.841 	0.812 	0.837 	0.189 	0.191 	0.199 	0.174 	0.196 	0.217 	0.206 	0.212 	0.213 	0.189 	0.213 	0.205 	0.931 	0.959 	0.941 	0.964 	0.968 	0.972 	0.693 	0.693 	0.674 	0.690 	0.711 	0.705 	0.449 	0.426 	0.476 	0.470 	0.470 	0.472 	0.326 	0.325 	0.352 	0.333 	0.361 	0.311 	0.505 	0.516 	0.502 	0.528 	0.516 	0.507 	0.188 	0.209 	0.199 	0.188 	0.196 	0.224 	0.182 	0.181 	0.186 	0.200 	0.158 	0.127 	0.984 	0.955 	0.983 	0.107 	0.093 	0.088
43200 	1.225 	1.211 	1.235 	1.217 	1.228 	1.215 	0.968 	0.959 	0.967 	0.984 	0.963 	0.978 	0.965 	0.990 	0.975 	0.976 	0.977 	0.970 	0.836 	0.820 	0.809 	0.809 	0.842 	0.832 	0.833 	0.812 	0.838 	0.802 	0.798 	0.796 	0.805 	0.792 	0.817 	0.828 	0.822 	0.803 	0.171 	0.169 	0.173 	0.168 	0.176 	0.201 	0.204 	0.200 	0.213 	0.224 	0.200 	0.217 	0.969 	0.945 	0.982 	0.941 	0.971 	0.938 	0.935 	0.910 	0.949 	0.931 	0.938 	0.930 	0.462 	0.447 	0.476 	0.462 	0.471 	0.469 	0.432 	0.432 	0.430 	0.414 	0.426 	0.428 	0.487 	0.486 	0.496 	0.515 	0.491 	0.498 	0.215 	0.205 	0.217 	0.191 	0.202 	0.235 	0.182 	0.194 	0.182 	0.201 	0.164 	0.171 	0.979 	0.954 	0.980 	0.093 	0.086 	0.103
:::READINGS_END
===FILE_END
