===FILE_START
:::FILE_INFO_START
   file_name       	example_5.atst.txt
   format          	ATST
   format_version  	0.1
   created_on      	2026-01-01
   field_delimiter 	TAB
   encoding        	UTF-8
:::FILE_INFO_END

:::STUDY_START
   title       	Example 5 simulated curve-keyed growth assay
   study_id    	ATST_EXAMPLE_5
   description 	A non-plate curve-keyed simulated OD600 assay.
:::STUDY_END

:::METADATA_START
   instrument 	SimulatedReader
   plate_type 	non_plate
   date_start 	2026-01-01
   operator   	OP5
:::METADATA_END

:::ASSAY_START
   readout_type 	absorbance
   readout_unit 	od600
   time_unit    	min
:::ASSAY_END

:::ENTITIES_START
%%%TABLE_START name=PHAGES pk=PHAGE_ID
PHAGE_ID
ph_1
ph_2
ph_3
ph_4
ph_5
ph_6
ph_7
ph_8
ph_9
ph_10
%%%TABLE_END

%%%TABLE_START name=ISOLATES pk=ISOLATE_ID
ISOLATE_ID
isolate_1
%%%TABLE_END
:::ENTITIES_END

:::LAYOUT_START
curve_id          	type            	isolate_id 	phage_id 	moi 	replicate
ph_1_rep_1        	treated         	isolate_1  	ph_1     	0.1 	1
ph_1_rep_2        	treated         	isolate_1  	ph_1     	0.1 	2
ph_1_rep_3        	treated         	isolate_1  	ph_1     	0.1 	3
ph_2_rep_1        	treated         	isolate_1  	ph_2     	0.1 	1
ph_2_rep_2        	treated         	isolate_1  	ph_2     	0.1 	2
ph_2_rep_3        	treated         	isolate_1  	ph_2     	0.1 	3
ph_3_rep_1        	treated         	isolate_1  	ph_3     	0.1 	1
ph_3_rep_2        	treated         	isolate_1  	ph_3     	0.1 	2
ph_3_rep_3        	treated         	isolate_1  	ph_3     	0.1 	3
ph_4_rep_1        	treated         	isolate_1  	ph_4     	0.1 	1
ph_4_rep_2        	treated         	isolate_1  	ph_4     	0.1 	2
ph_4_rep_3        	treated         	isolate_1  	ph_4     	0.1 	3
ph_5_rep_1        	treated         	isolate_1  	ph_5     	0.1 	1
ph_5_rep_2        	treated         	isolate_1  	ph_5     	0.1 	2
ph_5_rep_3        	treated         	isolate_1  	ph_5     	0.1 	3
ph_6_rep_1        	treated         	isolate_1  	ph_6     	0.1 	1
ph_6_rep_2        	treated         	isolate_1  	ph_6     	0.1 	2
ph_6_rep_3        	treated         	isolate_1  	ph_6     	0.1 	3
ph_7_rep_1        	treated         	isolate_1  	ph_7     	0.1 	1
ph_7_rep_2        	treated         	isolate_1  	ph_7     	0.1 	2
ph_7_rep_3        	treated         	isolate_1  	ph_7     	0.1 	3
ph_8_rep_1        	treated         	isolate_1  	ph_8     	0.1 	1
ph_8_rep_2        	treated         	isolate_1  	ph_8     	0.1 	2
ph_8_rep_3        	treated         	isolate_1  	ph_8     	0.1 	3
ph_9_rep_1        	treated         	isolate_1  	ph_9     	0.1 	1
ph_9_rep_2        	treated         	isolate_1  	ph_9     	0.1 	2
ph_9_rep_3        	treated         	isolate_1  	ph_9     	0.1 	3
ph_10_rep_1       	treated         	isolate_1  	ph_10    	0.1 	1
ph_10_rep_2       	treated         	isolate_1  	ph_10    	0.1 	2
ph_10_rep_3       	treated         	isolate_1  	ph_10    	0.1 	3
isolate_control_1 	isolate_control 	isolate_1  	         	    	1
isolate_control_2 	isolate_control 	isolate_1  	         	    	2
isolate_control_3 	isolate_control 	isolate_1  	         	    	3
:::LAYOUT_END

:::READINGS_START
Time 	ph_1_rep_1 	ph_1_rep_2 	ph_1_rep_3 	ph_2_rep_1 	ph_2_rep_2 	ph_2_rep_3 	ph_3_rep_1 	ph_3_rep_2 	ph_3_rep_3 	ph_4_rep_1 	ph_4_rep_2 	ph_4_rep_3 	ph_5_rep_1 	ph_5_rep_2 	ph_5_rep_3 	ph_6_rep_1 	ph_6_rep_2 	ph_6_rep_3 	ph_7_rep_1 	ph_7_rep_2 	ph_7_rep_3 	ph_8_rep_1 	ph_8_rep_2 	ph_8_rep_3 	ph_9_rep_1 	ph_9_rep_2 	ph_9_rep_3 	ph_10_rep_1 	ph_10_rep_2 	ph_10_rep_3 	isolate_control_1 	isolate_control_2 	isolate_control_3
0    	0.172      	0.176      	0.151      	0.168      	0.157      	0.183      	0.179      	0.166      	0.176      	0.174      	0.164      	0.158      	0.177      	0.166      	0.171      	0.171      	0.166      	0.159      	0.165      	0.159      	0.169      	0.182      	0.166      	0.151      	0.18       	0.153      	0.163      	0.139       	0.164       	0.176       	0.187             	0.155             	0.173
40   	0.169      	0.179      	0.17       	0.156      	0.148      	0.189      	0.207      	0.187      	0.189      	0.18       	0.169      	0.188      	0.183      	0.199      	0.189      	0.168      	0.176      	0.148      	0.21       	0.195      	0.187      	0.183      	0.17       	0.148      	0.187      	0.15       	0.174      	0.142       	0.164       	0.168       	0.158             	0.169             	0.185
80   	0.216      	0.233      	0.212      	0.16       	0.141      	0.199      	0.189      	0.217      	0.22       	0.16       	0.173      	0.221      	0.208      	0.201      	0.22       	0.2        	0.164      	0.208      	0.331      	0.307      	0.222      	0.168      	0.171      	0.161      	0.192      	0.151      	0.17       	0.153       	0.159       	0.173       	0.196             	0.212             	0.203
120  	0.296      	0.263      	0.275      	0.173      	0.14       	0.289      	0.28       	0.286      	0.288      	0.169      	0.179      	0.264      	0.274      	0.278      	0.28       	0.236      	0.24       	0.225      	0.493      	0.534      	0.299      	0.175      	0.147      	0.144      	0.178      	0.155      	0.154      	0.138       	0.149       	0.174       	0.269             	0.272             	0.283
160  	0.337      	0.348      	0.354      	0.206      	0.182      	0.342      	0.378      	0.362      	0.376      	0.209      	0.19       	0.355      	0.387      	0.331      	0.35       	0.248      	0.28       	0.257      	0.56       	0.599      	0.37       	0.194      	0.173      	0.142      	0.181      	0.159      	0.181      	0.152       	0.148       	0.173       	0.358             	0.343             	0.35
200  	0.457      	0.479      	0.453      	0.246      	0.23       	0.451      	0.505      	0.475      	0.481      	0.22       	0.231      	0.452      	0.457      	0.457      	0.467      	0.312      	0.33       	0.348      	0.57       	0.614      	0.446      	0.168      	0.157      	0.155      	0.164      	0.142      	0.162      	0.135       	0.17        	0.193       	0.47              	0.453             	0.47
240  	0.597      	0.606      	0.588      	0.349      	0.312      	0.595      	0.561      	0.579      	0.585      	0.309      	0.323      	0.583      	0.567      	0.598      	0.534      	0.402      	0.373      	0.42       	0.536      	0.52       	0.582      	0.159      	0.152      	0.135      	0.174      	0.142      	0.15       	0.146       	0.16        	0.175       	0.583             	0.57              	0.578
280  	0.729      	0.737      	0.68       	0.429      	0.408      	0.689      	0.659      	0.703      	0.688      	0.433      	0.426      	0.681      	0.65       	0.667      	0.648      	0.469      	0.455      	0.462      	0.479      	0.463      	0.683      	0.161      	0.166      	0.155      	0.185      	0.163      	0.156      	0.149       	0.157       	0.173       	0.684             	0.712             	0.674
320  	0.849      	0.864      	0.774      	0.542      	0.541      	0.792      	0.709      	0.711      	0.744      	0.552      	0.551      	0.772      	0.746      	0.735      	0.725      	0.532      	0.526      	0.524      	0.416      	0.387      	0.764      	0.189      	0.177      	0.161      	0.184      	0.148      	0.156      	0.172       	0.163       	0.155       	0.789             	0.797             	0.776
360  	0.946      	0.952      	0.842      	0.674      	0.688      	0.844      	0.763      	0.762      	0.758      	0.662      	0.626      	0.875      	0.804      	0.808      	0.8        	0.579      	0.573      	0.592      	0.294      	0.295      	0.853      	0.208      	0.188      	0.178      	0.177      	0.138      	0.167      	0.134       	0.171       	0.167       	0.857             	0.843             	0.85
400  	1.041      	1.032      	0.887      	0.798      	0.807      	0.89       	0.765      	0.775      	0.776      	0.74       	0.701      	0.876      	0.842      	0.816      	0.851      	0.56       	0.576      	0.599      	0.241      	0.223      	0.909      	0.263      	0.264      	0.253      	0.184      	0.157      	0.164      	0.163       	0.165       	0.173       	0.895             	0.89              	0.899
440  	1.106      	1.087      	0.914      	0.861      	0.853      	0.935      	0.783      	0.784      	0.788      	0.786      	0.756      	0.938      	0.877      	0.875      	0.865      	0.572      	0.586      	0.607      	0.211      	0.186      	0.929      	0.381      	0.347      	0.341      	0.18       	0.157      	0.163      	0.149       	0.157       	0.169       	0.933             	0.912             	0.922
480  	1.112      	1.119      	0.943      	0.923      	0.932      	0.945      	0.775      	0.803      	0.785      	0.814      	0.77       	0.935      	0.89       	0.892      	0.864      	0.522      	0.531      	0.55       	0.191      	0.207      	0.932      	0.486      	0.499      	0.523      	0.187      	0.137      	0.173      	0.152       	0.175       	0.189       	0.945             	0.923             	0.957
520  	1.158      	1.146      	0.966      	0.926      	0.939      	0.962      	0.802      	0.791      	0.794      	0.814      	0.804      	0.957      	0.859      	0.893      	0.882      	0.473      	0.448      	0.48       	0.179      	0.195      	0.972      	0.673      	0.668      	0.657      	0.178      	0.155      	0.17       	0.149       	0.179       	0.174       	0.948             	0.952             	0.963
560  	1.165      	1.14       	0.95       	0.952      	0.985      	0.929      	0.793      	0.819      	0.823      	0.837      	0.825      	0.962      	0.872      	0.857      	0.87       	0.382      	0.393      	0.395      	0.202      	0.189      	0.964      	0.822      	0.798      	0.765      	0.181      	0.17       	0.18       	0.152       	0.168       	0.188       	0.967             	0.95              	0.958
600  	1.177      	1.172      	0.968      	0.966      	0.97       	0.965      	0.804      	0.819      	0.817      	0.815      	0.814      	0.965      	0.854      	0.851      	0.834      	0.304      	0.324      	0.332      	0.192      	0.169      	0.948      	0.87       	0.883      	0.868      	0.208      	0.186      	0.201      	0.146       	0.173       	0.176       	0.965             	0.963             	0.972
640  	1.211      	1.197      	0.965      	0.964      	0.953      	0.96       	0.827      	0.81       	0.829      	0.79       	0.826      	0.997      	0.83       	0.829      	0.826      	0.241      	0.236      	0.26       	0.185      	0.185      	0.954      	0.917      	0.925      	0.907      	0.215      	0.23       	0.243      	0.162       	0.176       	0.176       	0.967             	0.951             	0.986
680  	1.193      	1.203      	0.961      	0.953      	0.954      	0.981      	0.811      	0.831      	0.794      	0.833      	0.831      	0.963      	0.819      	0.812      	0.828      	0.193      	0.18       	0.218      	0.194      	0.183      	0.982      	0.944      	0.956      	0.935      	0.348      	0.31       	0.317      	0.143       	0.174       	0.175       	0.983             	0.96              	0.988
720  	1.221      	1.224      	0.937      	0.965      	0.979      	0.979      	0.819      	0.807      	0.831      	0.813      	0.837      	0.965      	0.821      	0.8        	0.813      	0.17       	0.161      	0.18       	0.206      	0.182      	0.98       	0.946      	0.962      	0.959      	0.397      	0.424      	0.426      	0.159       	0.169       	0.176       	0.944             	0.97              	0.957
:::READINGS_END
===FILE_END
