===FILE_START
:::FILE_INFO_START
   file_name       	example_1.atst.txt
   created_on      	2026-01-01
   format          	ATST
   format_version  	0.1
   field_delimiter 	TAB
   encoding        	UTF-8
:::FILE_INFO_END
:::STUDY_START
   title       	Example 1 single-readout in-file assay
   study_id    	ATST_EXAMPLE_1
   description 	Single readout study with metadata, assay, entities, layout, and readings declared in-file.
:::STUDY_END

:::METADATA_START
   instrument      	LogPhase600
   plate_type      	Corning 96 well for LogPhase600
   date_start      	
   operator        	simulated
   experiment_type 	logphase_output
:::METADATA_END

:::ASSAY_START
   readout_type         	absorbance
   readout_unit         	od600
   time_unit            	seconds
   plate_format         	96_well
   read_wavelenth       	600nm
   filename             	simulated_logphase_output
   plate_num            	1
   device_plate_number  	1
   runtime              	12h
   interval             	40min
   read_count           	19
   incubator            	On
   temperature_setpoint 	37 C
   temperature_gradient 	On
   shaking              	On
   shaking_frequency    	100 RPMs
:::ASSAY_END

:::ENTITIES_START
%%%TABLE_START name=PHAGES pk=PHAGE_ID
PHAGE_ID 	accession_number
ph_1     	A00000000000001
ph_2     	A00000000000002
ph_3     	A00000000000003
ph_4     	A00000000000004
ph_5     	A00000000000005
ph_6     	A00000000000006
ph_7     	A00000000000007
%%%TABLE_END

%%%TABLE_START name=ISOLATES pk=ISOLATE_ID
ISOLATE_ID
isolate_1
prop_host_1
prop_host_2
prop_host_3
PAO1
%%%TABLE_END
:::ENTITIES_END

:::LAYOUT_START
well_loc 	type               	isolate_id  	moi 	phage_id
A1       	treated            	isolate_1   	0.1 	ph_1
A2       	treated            	isolate_1   	0.1 	ph_1
A3       	treated            	isolate_1   	0.1 	ph_1
A4       	blank              	            	    	
A5       	treated            	isolate_1   	1   	ph_1
A6       	treated            	isolate_1   	1   	ph_1
A7       	treated            	isolate_1   	1   	ph_1
A8       	blank              	            	    	
A9       	phage_host_control 	prop_host_1 	0.1 	ph_1
A10      	phage_host_control 	prop_host_1 	0.1 	ph_1
A11      	phage_host_control 	prop_host_1 	0.1 	ph_1
A12      	phage_host_control 	prop_host_1 	0   	
B1       	treated            	isolate_1   	0.1 	ph_2
B2       	treated            	isolate_1   	0.1 	ph_2
B3       	treated            	isolate_1   	0.1 	ph_2
B4       	blank              	            	    	
B5       	treated            	isolate_1   	1   	ph_2
B6       	treated            	isolate_1   	1   	ph_2
B7       	treated            	isolate_1   	1   	ph_2
B8       	blank              	            	    	
B9       	phage_host_control 	prop_host_1 	0.1 	ph_2
B10      	phage_host_control 	prop_host_1 	0.1 	ph_2
B11      	phage_host_control 	prop_host_1 	0.1 	ph_2
B12      	phage_host_control 	prop_host_1 	0   	
C1       	treated            	isolate_1   	0.1 	ph_3
C2       	treated            	isolate_1   	0.1 	ph_3
C3       	treated            	isolate_1   	0.1 	ph_3
C4       	blank              	            	    	
C5       	treated            	isolate_1   	1   	ph_3
C6       	treated            	isolate_1   	1   	ph_3
C7       	treated            	isolate_1   	1   	ph_3
C8       	blank              	            	    	
C9       	phage_host_control 	prop_host_1 	0.1 	ph_3
C10      	phage_host_control 	prop_host_1 	0.1 	ph_3
C11      	phage_host_control 	prop_host_1 	0.1 	ph_3
C12      	phage_host_control 	prop_host_1 	0   	
D1       	treated            	isolate_1   	0.1 	ph_4
D2       	treated            	isolate_1   	0.1 	ph_4
D3       	treated            	isolate_1   	0.1 	ph_4
D4       	blank              	            	    	
D5       	treated            	isolate_1   	1   	ph_4
D6       	treated            	isolate_1   	1   	ph_4
D7       	treated            	isolate_1   	1   	ph_4
D8       	blank              	            	    	
D9       	phage_host_control 	prop_host_2 	0.1 	ph_4
D10      	phage_host_control 	prop_host_2 	0.1 	ph_4
D11      	phage_host_control 	prop_host_2 	0.1 	ph_4
D12      	phage_host_control 	prop_host_2 	0   	
E1       	treated            	isolate_1   	0.1 	ph_5
E2       	treated            	isolate_1   	0.1 	ph_5
E3       	treated            	isolate_1   	0.1 	ph_5
E4       	blank              	            	    	
E5       	treated            	isolate_1   	1   	ph_5
E6       	treated            	isolate_1   	1   	ph_5
E7       	treated            	isolate_1   	1   	ph_5
E8       	blank              	            	    	
E9       	phage_host_control 	prop_host_2 	0.1 	ph_5
E10      	phage_host_control 	prop_host_2 	0.1 	ph_5
E11      	phage_host_control 	prop_host_2 	0.1 	ph_5
E12      	phage_host_control 	prop_host_2 	0   	
F1       	treated            	isolate_1   	0.1 	ph_6
F2       	treated            	isolate_1   	0.1 	ph_6
F3       	treated            	isolate_1   	0.1 	ph_6
F4       	blank              	            	    	
F5       	treated            	isolate_1   	1   	ph_6
F6       	treated            	isolate_1   	1   	ph_6
F7       	treated            	isolate_1   	1   	ph_6
F8       	blank              	            	    	
F9       	phage_host_control 	prop_host_3 	0.1 	ph_6
F10      	phage_host_control 	prop_host_3 	0.1 	ph_6
F11      	phage_host_control 	prop_host_3 	0.1 	ph_6
F12      	phage_host_control 	prop_host_3 	0   	
G1       	treated            	isolate_1   	0.1 	ph_7
G2       	treated            	isolate_1   	0.1 	ph_7
G3       	treated            	isolate_1   	0.1 	ph_7
G4       	blank              	            	    	
G5       	treated            	isolate_1   	1   	ph_7
G6       	treated            	isolate_1   	1   	ph_7
G7       	treated            	isolate_1   	1   	ph_7
G8       	blank              	            	    	
G9       	phage_host_control 	prop_host_3 	0.1 	ph_7
G10      	phage_host_control 	prop_host_3 	0.1 	ph_7
G11      	phage_host_control 	prop_host_3 	0.1 	ph_7
G12      	phage_host_control 	prop_host_3 	0   	
H1       	isolate_control    	            	0   	
H2       	isolate_control    	            	0   	
H3       	isolate_control    	            	0   	
H4       	blank              	            	    	
H5       	PAO1_control       	            	    	
H6       	PAO1_control       	            	    	
H7       	PAO1_control       	            	    	
H8       	blank              	            	    	
H9       	phage_host_control 	prop_host_2 	0   	
H10      	blank              	            	    	
H11      	blank              	            	    	
H12      	phage_host_control 	prop_host_3 	0   	
:::LAYOUT_END

:::READINGS_START
Time  	A1    	A2    	A3    	A4    	A5    	A6    	A7    	A8    	A9    	A10   	A11   	A12   	B1    	B2    	B3    	B4    	B5    	B6    	B7    	B8    	B9    	B10   	B11   	B12   	C1    	C2    	C3    	C4    	C5    	C6    	C7    	C8    	C9    	C10   	C11   	C12   	D1    	D2    	D3    	D4    	D5    	D6    	D7    	D8    	D9    	D10   	D11   	D12   	E1    	E2    	E3    	E4    	E5    	E6    	E7    	E8    	E9    	E10   	E11   	E12   	F1    	F2    	F3    	F4    	F5    	F6    	F7    	F8    	F9    	F10   	F11   	F12   	G1    	G2    	G3    	G4    	G5    	G6    	G7    	G8    	G9    	G10   	G11   	G12   	H1    	H2    	H3    	H4    	H5    	H6    	H7    	H8    	H9    	H10   	H11   	H12
0     	0.168 	0.168 	0.169 	0.101 	0.176 	0.170 	0.154 	0.099 	0.164 	0.166 	0.142 	0.175 	0.170 	0.168 	0.157 	0.106 	0.158 	0.185 	0.144 	0.114 	0.181 	0.139 	0.141 	0.156 	0.172 	0.146 	0.173 	0.112 	0.160 	0.179 	0.164 	0.097 	0.175 	0.137 	0.146 	0.146 	0.178 	0.174 	0.144 	0.100 	0.170 	0.165 	0.140 	0.091 	0.170 	0.174 	0.165 	0.177 	0.173 	0.186 	0.147 	0.104 	0.163 	0.151 	0.153 	0.093 	0.180 	0.170 	0.167 	0.174 	0.154 	0.168 	0.174 	0.089 	0.175 	0.160 	0.160 	0.105 	0.166 	0.171 	0.144 	0.164 	0.188 	0.177 	0.172 	0.103 	0.178 	0.172 	0.157 	0.101 	0.149 	0.171 	0.157 	0.177 	0.173 	0.169 	0.161 	0.095 	0.155 	0.182 	0.166 	0.108 	0.159 	0.111 	0.081 	0.157
2400  	0.174 	0.169 	0.206 	0.104 	0.181 	0.193 	0.186 	0.114 	0.168 	0.147 	0.156 	0.163 	0.180 	0.187 	0.192 	0.103 	0.170 	0.167 	0.193 	0.090 	0.158 	0.140 	0.141 	0.173 	0.182 	0.164 	0.178 	0.106 	0.172 	0.169 	0.164 	0.114 	0.178 	0.136 	0.142 	0.158 	0.165 	0.191 	0.192 	0.097 	0.168 	0.177 	0.162 	0.095 	0.176 	0.175 	0.164 	0.182 	0.164 	0.156 	0.176 	0.104 	0.187 	0.147 	0.162 	0.094 	0.170 	0.152 	0.153 	0.172 	0.160 	0.177 	0.197 	0.103 	0.179 	0.177 	0.164 	0.110 	0.168 	0.190 	0.129 	0.164 	0.170 	0.168 	0.139 	0.102 	0.202 	0.180 	0.159 	0.105 	0.151 	0.154 	0.156 	0.167 	0.171 	0.179 	0.188 	0.109 	0.174 	0.206 	0.180 	0.091 	0.182 	0.084 	0.105 	0.178
4800  	0.225 	0.206 	0.230 	0.116 	0.213 	0.193 	0.225 	0.101 	0.193 	0.178 	0.151 	0.217 	0.206 	0.212 	0.208 	0.120 	0.210 	0.198 	0.192 	0.076 	0.190 	0.180 	0.171 	0.214 	0.214 	0.200 	0.205 	0.107 	0.172 	0.161 	0.150 	0.118 	0.193 	0.175 	0.173 	0.197 	0.234 	0.225 	0.228 	0.099 	0.181 	0.173 	0.161 	0.105 	0.181 	0.181 	0.168 	0.220 	0.222 	0.189 	0.220 	0.087 	0.162 	0.157 	0.167 	0.108 	0.177 	0.176 	0.163 	0.209 	0.216 	0.201 	0.187 	0.091 	0.190 	0.192 	0.205 	0.100 	0.172 	0.181 	0.154 	0.181 	0.181 	0.165 	0.165 	0.116 	0.155 	0.151 	0.146 	0.098 	0.159 	0.184 	0.156 	0.190 	0.224 	0.209 	0.223 	0.092 	0.199 	0.203 	0.215 	0.128 	0.217 	0.103 	0.100 	0.180
7200  	0.283 	0.300 	0.264 	0.079 	0.301 	0.291 	0.305 	0.092 	0.195 	0.187 	0.182 	0.252 	0.282 	0.293 	0.286 	0.099 	0.228 	0.254 	0.231 	0.116 	0.193 	0.182 	0.197 	0.268 	0.277 	0.301 	0.281 	0.106 	0.191 	0.158 	0.157 	0.097 	0.178 	0.185 	0.175 	0.273 	0.297 	0.290 	0.268 	0.102 	0.187 	0.157 	0.172 	0.090 	0.208 	0.189 	0.203 	0.270 	0.284 	0.281 	0.277 	0.109 	0.159 	0.182 	0.168 	0.100 	0.171 	0.182 	0.165 	0.274 	0.240 	0.223 	0.237 	0.093 	0.210 	0.209 	0.210 	0.087 	0.156 	0.175 	0.155 	0.221 	0.175 	0.170 	0.173 	0.089 	0.176 	0.179 	0.165 	0.084 	0.152 	0.176 	0.155 	0.250 	0.286 	0.287 	0.280 	0.094 	0.274 	0.278 	0.280 	0.095 	0.287 	0.110 	0.100 	0.234
9600  	0.341 	0.362 	0.351 	0.094 	0.369 	0.353 	0.360 	0.094 	0.226 	0.215 	0.226 	0.354 	0.323 	0.350 	0.346 	0.097 	0.265 	0.253 	0.249 	0.125 	0.241 	0.186 	0.195 	0.366 	0.348 	0.359 	0.361 	0.103 	0.182 	0.173 	0.176 	0.119 	0.229 	0.211 	0.191 	0.348 	0.357 	0.362 	0.344 	0.106 	0.191 	0.184 	0.173 	0.104 	0.239 	0.206 	0.195 	0.358 	0.340 	0.357 	0.336 	0.092 	0.168 	0.169 	0.177 	0.117 	0.193 	0.158 	0.178 	0.354 	0.267 	0.273 	0.267 	0.115 	0.214 	0.227 	0.209 	0.086 	0.173 	0.182 	0.152 	0.293 	0.172 	0.161 	0.160 	0.099 	0.165 	0.169 	0.144 	0.110 	0.169 	0.167 	0.142 	0.283 	0.342 	0.357 	0.351 	0.093 	0.378 	0.382 	0.367 	0.101 	0.343 	0.083 	0.110 	0.286
12000 	0.454 	0.476 	0.454 	0.106 	0.460 	0.462 	0.483 	0.085 	0.235 	0.207 	0.209 	0.467 	0.441 	0.468 	0.477 	0.092 	0.322 	0.324 	0.341 	0.096 	0.229 	0.223 	0.202 	0.464 	0.454 	0.467 	0.484 	0.082 	0.173 	0.173 	0.150 	0.100 	0.221 	0.215 	0.211 	0.462 	0.462 	0.447 	0.479 	0.090 	0.186 	0.164 	0.163 	0.088 	0.225 	0.235 	0.206 	0.432 	0.474 	0.466 	0.456 	0.106 	0.177 	0.182 	0.174 	0.095 	0.180 	0.167 	0.157 	0.460 	0.355 	0.355 	0.321 	0.095 	0.249 	0.222 	0.214 	0.086 	0.151 	0.156 	0.167 	0.379 	0.186 	0.158 	0.167 	0.111 	0.178 	0.167 	0.169 	0.104 	0.160 	0.179 	0.151 	0.360 	0.456 	0.459 	0.466 	0.094 	0.502 	0.513 	0.493 	0.087 	0.444 	0.100 	0.080 	0.360
14400 	0.578 	0.577 	0.564 	0.084 	0.579 	0.579 	0.577 	0.091 	0.249 	0.203 	0.226 	0.582 	0.590 	0.581 	0.545 	0.090 	0.424 	0.398 	0.394 	0.081 	0.253 	0.222 	0.215 	0.578 	0.583 	0.553 	0.574 	0.101 	0.175 	0.182 	0.140 	0.118 	0.222 	0.221 	0.197 	0.589 	0.590 	0.564 	0.564 	0.090 	0.172 	0.153 	0.156 	0.098 	0.228 	0.232 	0.229 	0.530 	0.576 	0.569 	0.561 	0.100 	0.172 	0.173 	0.151 	0.110 	0.175 	0.162 	0.163 	0.578 	0.416 	0.407 	0.402 	0.105 	0.219 	0.221 	0.221 	0.082 	0.168 	0.177 	0.169 	0.449 	0.170 	0.160 	0.154 	0.113 	0.173 	0.154 	0.163 	0.093 	0.188 	0.171 	0.166 	0.460 	0.587 	0.575 	0.580 	0.111 	0.600 	0.604 	0.606 	0.117 	0.535 	0.103 	0.080 	0.458
16800 	0.688 	0.678 	0.685 	0.115 	0.675 	0.679 	0.669 	0.096 	0.219 	0.184 	0.196 	0.677 	0.682 	0.664 	0.662 	0.088 	0.489 	0.470 	0.458 	0.097 	0.211 	0.197 	0.192 	0.672 	0.673 	0.662 	0.666 	0.094 	0.173 	0.180 	0.143 	0.099 	0.222 	0.214 	0.199 	0.666 	0.654 	0.683 	0.693 	0.111 	0.176 	0.159 	0.166 	0.101 	0.210 	0.214 	0.213 	0.652 	0.671 	0.670 	0.695 	0.086 	0.166 	0.177 	0.178 	0.101 	0.189 	0.164 	0.144 	0.664 	0.483 	0.472 	0.474 	0.081 	0.234 	0.210 	0.216 	0.101 	0.166 	0.197 	0.155 	0.533 	0.155 	0.163 	0.160 	0.086 	0.180 	0.174 	0.185 	0.097 	0.147 	0.172 	0.143 	0.538 	0.693 	0.693 	0.690 	0.106 	0.701 	0.711 	0.729 	0.111 	0.639 	0.097 	0.103 	0.540
19200 	0.731 	0.771 	0.765 	0.104 	0.737 	0.728 	0.737 	0.108 	0.196 	0.181 	0.189 	0.747 	0.750 	0.745 	0.741 	0.091 	0.534 	0.542 	0.540 	0.097 	0.217 	0.179 	0.193 	0.732 	0.764 	0.758 	0.749 	0.087 	0.180 	0.177 	0.171 	0.101 	0.212 	0.181 	0.184 	0.747 	0.754 	0.763 	0.758 	0.096 	0.180 	0.159 	0.156 	0.124 	0.211 	0.210 	0.211 	0.755 	0.736 	0.764 	0.776 	0.097 	0.166 	0.160 	0.156 	0.108 	0.155 	0.174 	0.171 	0.753 	0.564 	0.528 	0.539 	0.119 	0.225 	0.191 	0.199 	0.111 	0.158 	0.179 	0.135 	0.618 	0.174 	0.167 	0.155 	0.097 	0.184 	0.145 	0.150 	0.085 	0.166 	0.183 	0.155 	0.623 	0.786 	0.783 	0.788 	0.117 	0.760 	0.794 	0.798 	0.103 	0.743 	0.081 	0.100 	0.629
21600 	0.804 	0.817 	0.803 	0.108 	0.759 	0.750 	0.742 	0.117 	0.211 	0.178 	0.172 	0.781 	0.791 	0.826 	0.802 	0.099 	0.583 	0.584 	0.580 	0.098 	0.204 	0.191 	0.150 	0.793 	0.796 	0.813 	0.810 	0.117 	0.190 	0.185 	0.191 	0.104 	0.194 	0.171 	0.171 	0.776 	0.797 	0.815 	0.814 	0.086 	0.174 	0.170 	0.161 	0.086 	0.189 	0.209 	0.185 	0.853 	0.797 	0.823 	0.806 	0.104 	0.166 	0.174 	0.172 	0.096 	0.157 	0.153 	0.152 	0.827 	0.577 	0.578 	0.580 	0.106 	0.192 	0.200 	0.186 	0.100 	0.164 	0.178 	0.163 	0.697 	0.207 	0.200 	0.167 	0.114 	0.175 	0.176 	0.160 	0.090 	0.153 	0.164 	0.148 	0.689 	0.844 	0.851 	0.849 	0.123 	0.829 	0.838 	0.834 	0.087 	0.832 	0.097 	0.102 	0.682
24000 	0.860 	0.858 	0.841 	0.094 	0.804 	0.759 	0.770 	0.086 	0.197 	0.179 	0.170 	0.808 	0.828 	0.848 	0.854 	0.103 	0.583 	0.583 	0.593 	0.089 	0.191 	0.185 	0.164 	0.810 	0.858 	0.855 	0.848 	0.117 	0.258 	0.252 	0.248 	0.132 	0.208 	0.171 	0.188 	0.811 	0.859 	0.859 	0.868 	0.104 	0.174 	0.166 	0.171 	0.115 	0.197 	0.205 	0.178 	0.914 	0.855 	0.852 	0.848 	0.106 	0.164 	0.176 	0.162 	0.100 	0.185 	0.180 	0.154 	0.916 	0.599 	0.598 	0.602 	0.098 	0.224 	0.197 	0.205 	0.077 	0.158 	0.183 	0.162 	0.738 	0.244 	0.243 	0.239 	0.105 	0.184 	0.154 	0.179 	0.095 	0.160 	0.188 	0.158 	0.745 	0.906 	0.898 	0.900 	0.090 	0.850 	0.859 	0.853 	0.102 	0.927 	0.097 	0.095 	0.729
26400 	0.879 	0.883 	0.866 	0.108 	0.808 	0.808 	0.774 	0.104 	0.211 	0.201 	0.163 	0.838 	0.871 	0.900 	0.864 	0.101 	0.576 	0.596 	0.591 	0.106 	0.202 	0.205 	0.163 	0.831 	0.874 	0.884 	0.856 	0.114 	0.358 	0.368 	0.367 	0.109 	0.187 	0.184 	0.165 	0.820 	0.870 	0.891 	0.867 	0.105 	0.181 	0.166 	0.156 	0.101 	0.209 	0.197 	0.187 	0.958 	0.869 	0.895 	0.855 	0.099 	0.195 	0.163 	0.157 	0.099 	0.177 	0.181 	0.159 	0.952 	0.591 	0.588 	0.591 	0.106 	0.212 	0.194 	0.189 	0.098 	0.154 	0.186 	0.160 	0.770 	0.273 	0.271 	0.267 	0.102 	0.149 	0.170 	0.173 	0.112 	0.166 	0.163 	0.153 	0.793 	0.934 	0.945 	0.924 	0.101 	0.873 	0.878 	0.867 	0.089 	0.946 	0.099 	0.107 	0.772
28800 	0.873 	0.871 	0.864 	0.111 	0.808 	0.789 	0.775 	0.090 	0.204 	0.193 	0.176 	0.837 	0.901 	0.866 	0.874 	0.092 	0.536 	0.529 	0.529 	0.105 	0.212 	0.186 	0.148 	0.844 	0.865 	0.873 	0.897 	0.103 	0.498 	0.503 	0.477 	0.093 	0.196 	0.194 	0.192 	0.835 	0.875 	0.883 	0.866 	0.085 	0.182 	0.185 	0.179 	0.104 	0.221 	0.217 	0.192 	1.002 	0.891 	0.873 	0.857 	0.115 	0.176 	0.175 	0.143 	0.092 	0.179 	0.171 	0.144 	0.988 	0.544 	0.543 	0.546 	0.086 	0.211 	0.168 	0.214 	0.098 	0.161 	0.157 	0.166 	0.812 	0.349 	0.352 	0.343 	0.098 	0.189 	0.168 	0.154 	0.094 	0.141 	0.171 	0.171 	0.805 	0.945 	0.938 	0.945 	0.088 	0.879 	0.875 	0.900 	0.115 	0.996 	0.094 	0.109 	0.803
31200 	0.869 	0.863 	0.873 	0.102 	0.823 	0.807 	0.803 	0.105 	0.198 	0.172 	0.164 	0.831 	0.891 	0.885 	0.878 	0.109 	0.469 	0.484 	0.471 	0.085 	0.196 	0.186 	0.162 	0.849 	0.871 	0.872 	0.898 	0.114 	0.683 	0.660 	0.674 	0.110 	0.194 	0.177 	0.170 	0.852 	0.905 	0.873 	0.879 	0.102 	0.195 	0.202 	0.198 	0.101 	0.236 	0.221 	0.192 	0.998 	0.885 	0.865 	0.879 	0.110 	0.182 	0.175 	0.160 	0.107 	0.163 	0.149 	0.162 	1.007 	0.475 	0.454 	0.442 	0.112 	0.203 	0.186 	0.192 	0.121 	0.153 	0.160 	0.145 	0.823 	0.405 	0.401 	0.387 	0.096 	0.176 	0.181 	0.164 	0.106 	0.167 	0.196 	0.162 	0.827 	0.966 	0.948 	0.960 	0.092 	0.892 	0.891 	0.896 	0.108 	1.001 	0.096 	0.105 	0.820
33600 	0.870 	0.864 	0.851 	0.102 	0.840 	0.812 	0.806 	0.099 	0.203 	0.185 	0.178 	0.835 	0.861 	0.855 	0.850 	0.107 	0.408 	0.388 	0.390 	0.107 	0.183 	0.180 	0.162 	0.853 	0.873 	0.862 	0.859 	0.100 	0.811 	0.798 	0.804 	0.096 	0.199 	0.157 	0.158 	0.829 	0.865 	0.851 	0.847 	0.107 	0.258 	0.260 	0.240 	0.104 	0.202 	0.211 	0.203 	1.018 	0.879 	0.861 	0.838 	0.097 	0.168 	0.164 	0.146 	0.107 	0.187 	0.174 	0.180 	1.025 	0.390 	0.403 	0.384 	0.097 	0.200 	0.210 	0.209 	0.085 	0.176 	0.187 	0.185 	0.845 	0.437 	0.437 	0.412 	0.103 	0.183 	0.167 	0.161 	0.095 	0.192 	0.196 	0.152 	0.811 	0.966 	0.952 	0.946 	0.094 	0.879 	0.894 	0.901 	0.101 	1.034 	0.100 	0.097 	0.819
36000 	0.856 	0.838 	0.853 	0.103 	0.807 	0.822 	0.808 	0.082 	0.219 	0.178 	0.183 	0.839 	0.843 	0.853 	0.831 	0.098 	0.340 	0.313 	0.305 	0.121 	0.200 	0.190 	0.170 	0.847 	0.835 	0.858 	0.832 	0.102 	0.860 	0.885 	0.870 	0.095 	0.203 	0.165 	0.173 	0.852 	0.843 	0.854 	0.827 	0.104 	0.365 	0.363 	0.361 	0.098 	0.223 	0.216 	0.189 	1.025 	0.839 	0.851 	0.840 	0.108 	0.171 	0.158 	0.171 	0.106 	0.229 	0.219 	0.195 	1.046 	0.343 	0.316 	0.310 	0.098 	0.200 	0.193 	0.195 	0.096 	0.178 	0.195 	0.173 	0.839 	0.443 	0.459 	0.449 	0.097 	0.160 	0.162 	0.164 	0.102 	0.185 	0.203 	0.189 	0.838 	0.956 	0.970 	0.961 	0.089 	0.883 	0.900 	0.880 	0.076 	1.038 	0.104 	0.079 	0.838
38400 	0.816 	0.844 	0.828 	0.091 	0.801 	0.834 	0.814 	0.109 	0.221 	0.179 	0.176 	0.854 	0.815 	0.852 	0.829 	0.093 	0.241 	0.255 	0.246 	0.102 	0.191 	0.188 	0.183 	0.845 	0.821 	0.820 	0.830 	0.089 	0.929 	0.931 	0.918 	0.109 	0.190 	0.173 	0.161 	0.851 	0.829 	0.807 	0.819 	0.106 	0.502 	0.509 	0.499 	0.115 	0.211 	0.219 	0.196 	1.036 	0.831 	0.836 	0.806 	0.119 	0.166 	0.157 	0.177 	0.115 	0.260 	0.222 	0.220 	1.042 	0.256 	0.254 	0.224 	0.095 	0.206 	0.203 	0.201 	0.117 	0.230 	0.248 	0.224 	0.830 	0.456 	0.448 	0.444 	0.100 	0.164 	0.164 	0.154 	0.099 	0.225 	0.225 	0.209 	0.834 	0.971 	0.978 	0.962 	0.089 	0.920 	0.893 	0.908 	0.090 	1.038 	0.097 	0.108 	0.844
40800 	0.820 	0.815 	0.789 	0.099 	0.827 	0.820 	0.822 	0.094 	0.201 	0.184 	0.169 	0.851 	0.808 	0.814 	0.818 	0.105 	0.194 	0.207 	0.186 	0.097 	0.197 	0.194 	0.169 	0.849 	0.810 	0.795 	0.818 	0.104 	0.949 	0.950 	0.934 	0.100 	0.208 	0.176 	0.164 	0.843 	0.812 	0.821 	0.804 	0.086 	0.697 	0.677 	0.693 	0.095 	0.207 	0.218 	0.183 	1.030 	0.810 	0.832 	0.804 	0.120 	0.146 	0.170 	0.153 	0.114 	0.360 	0.355 	0.346 	1.043 	0.195 	0.188 	0.192 	0.094 	0.216 	0.185 	0.184 	0.104 	0.294 	0.313 	0.291 	0.831 	0.450 	0.446 	0.455 	0.101 	0.174 	0.182 	0.160 	0.109 	0.316 	0.311 	0.302 	0.833 	0.959 	0.967 	0.962 	0.099 	0.887 	0.904 	0.904 	0.107 	1.043 	0.096 	0.112 	0.870
43200 	0.813 	0.814 	0.808 	0.098 	0.822 	0.817 	0.828 	0.095 	0.202 	0.187 	0.176 	0.857 	0.818 	0.793 	0.809 	0.102 	0.185 	0.183 	0.167 	0.099 	0.200 	0.176 	0.161 	0.833 	0.828 	0.812 	0.810 	0.101 	0.978 	0.947 	0.947 	0.103 	0.201 	0.177 	0.175 	0.835 	0.817 	0.766 	0.814 	0.103 	0.954 	0.927 	0.928 	0.111 	0.214 	0.212 	0.197 	1.052 	0.817 	0.778 	0.807 	0.088 	0.159 	0.172 	0.164 	0.096 	0.457 	0.442 	0.453 	1.036 	0.192 	0.192 	0.184 	0.107 	0.205 	0.213 	0.183 	0.106 	0.386 	0.373 	0.378 	0.863 	0.472 	0.456 	0.458 	0.093 	0.172 	0.174 	0.145 	0.095 	0.390 	0.393 	0.390 	0.838 	0.978 	0.960 	0.966 	0.088 	0.889 	0.910 	0.889 	0.112 	1.039 	0.101 	0.106 	0.866
:::READINGS_END
===FILE_END
